240;
71;
0;
104;
16;
3;
113;
2;  # PRESET LOCATION
77; # PRESET NAME ASCII
97;
115;
116;
101;
114;
32;
32;
1; # PRESET DEFAULT BANK (0=A)
1; # PRESET TRANSPORT MODE (0=MMC)
0;
0;
0;
0;
0;
0;
0;
0;
0;
0;
0;
0;
0;
0;
0;
0;
0;
0;
0;
0;
11; # knob 1 channel
11;
11;
11;
11;
11;
11;
11;
11; # fader 1 channel
11;
11;
11;
11;
11;
70; # knob 1 cc
71;
72;
73;
74;
75;
76;
77;
102; # fader 1 cc
103;
104;
105;
106;
107;
0; # knob 1 min val
0;
0;
0;
0;
0;
0;
0;
89; # fader 1 min val
89;
89;
89;
89;
89;
127; # knob 1 max val
127;
127;
127;
127;
127;
127;
127;
127; # fader 1 max val
127;
127;
127;
127;
127;
127; # ??? (fader/knob positions?)
127; 
76;
75;
127;
94;
127;
127;
112;
121;
103;
107;
115;
109;
2; # bank A pad type (2=NOTE, 3=PROGCHANGE)
2;
2;
2;
2;
2;
2;
2;
2;
2;
2;
2;
2;
2;
2;
2;
0; # bank A pad 1 ch (0-32, 0=CC, 32=16b)
0;
0;
0;
0;
0;
0;
0;
0;
0;
0;
0;
0;
0;
0;
0;
48; # bank A pad 1 nn 
49;
50;
51;
44;
45;
46;
47;
40;
41;
42;
43;
36; 
37; 
38; 
39; 
0; # bank A pad 1 toggle/msb
0;
0;
0;
0;
0;
0;
0;
0;
0;
0;
0;
0;
0;
0;
0;
1; # bank A pad at
1;
1;
1;
1;
1;
1;
1;
1;
1;
1;
1;
1;
1;
1;
1;
2; # bank B pad type
2;
2;
2;
2;
2;
2;
2;
2;
2;
2;
2;
2;
2;
2;
2;
0; # bank B pad 1 ch (0-32)
0;
0;
0;
0;
0;
0;
0;
0;
0;
0;
0;
32;
32;
32;
32;
60; # bank B pad nn
61;
62;
63;
64;
65;
66;
67;
68;
69;
70;
71;
0;
0;
0;
0; 
0; # bank B pad 1 toggle/msb
0;
0;
0;
0;
0;
0;
0;
0;
0;
0;
0;
0;
0;
0;
0;
0; # bank B pad at
0;
0;
0;
0;
0;
0;
0;
0;
0;
0;
0;
0;
0;
2;
2;
2; # bank C pad type
2;
2;
2;
2;
2;
2;
2;
2;
2;
2;
2;
2;
2;
2;
2;
0; # bank C pad channels
0;
0;
0;
0;
0;
0;
0;
0;
0;
0;
0;
32;
32;
32;
32;
72; # bank C pad NNs
73;
74;
75;
76;
77;
78;
79;
80;
81;
82;
83;
0;
0;
0;
0; 
0; # bank C pad toggle/msb
0;
0;
0;
0;
0;
0;
0;
0;
0;
0;
0;
0;
0;
0;
0;
0; # bank C pad aftertouch/lsb (OFF, CPR, PPR)
0;
0;
0;
0;
0;
0;
0;
0;
0;
0;
0;
0;
0;
2;
2;
3; # bank D pad type
3;
3;
3;
3;
3;
3;
3;
3;
3;
3;
3;
3;
3;
3;
3;
0; # bank D pad channels
0;
0;
0;
0;
0;
0;
0;
0;
0;
0;
0;
0;
0;
0;
0;
13; # bank D pad NNs
14;
15;
16;
9;
10;
11;
12;
5;
6;
7;
8;
1;
2;
3;
4; 
1; # bank D pad toggle/msb
1;
1;
1;
1;
1;
1;
1;
1;
1;
1;
1;
1;
1;
1;
1;
0; # bank D pad aftertouch
0;
0;
0;
0;
0;
0;
0;
0;
0;
0;
0;
0;
0;
0;
0;
0; # ?1
0;
0;
0;
0;
0;
0;
0;
0;
0;
0;
0;
0;
0;
0;
0;
0; # ?2
0;
0;
0;
0;
0;
0;
0;
0;
0;
0;
0;
0;
0;
0;
0;
0; # ?3
0;
0;
0;
0;
0;
0;
0;
0;
0;
0;
0;
0;
0;
0;
0;
0; # ?4
0;
0;
0;
0;
0;
0;
0;
0;
0;
0;
0;
0;
0;
0;
0;
0; # ?5
0;
0;
0;
0;
0;
0;
0;
0;
0;
0;
0;
247;
