-0.0490667
0
0.0490667
0.0980097
0.146706
0.195032
0.242866
0.290089
0.336581
0.382226
0.426911
0.470522
0.512953
0.554097
0.593853
0.632123
0.668814
0.703835
0.737104
0.768538
0.798065
0.825614
0.851122
0.874529
0.895784
0.914839
0.931653
0.946193
0.95843
0.96834
0.97591
0.981128
0.983991
0.984504
0.982675
0.978519
0.972059
0.963322
0.952343
0.939161
0.923821
0.906375
0.886879
0.865395
0.84199
0.816735
0.789707
0.760987
0.730658
0.698811
0.665537
0.630931
0.595093
0.558125
0.520129
0.481213
0.441484
0.401051
0.360027
0.318521
0.276647
0.234518
0.192245
0.149941
0.107719
0.0656877
0.0239577
-0.0173633
-0.0581692
-0.0983557
-0.137821
-0.176467
-0.214196
-0.250917
-0.286538
-0.320974
-0.354142
-0.385964
-0.416365
-0.445276
-0.472631
-0.498369
-0.522433
-0.544772
-0.56534
-0.584094
-0.600998
-0.616022
-0.629137
-0.640324
-0.649565
-0.65685
-0.662173
-0.665533
-0.666933
-0.666384
-0.663897
-0.659492
-0.653192
-0.645024
-0.63502
-0.623216
-0.609651
-0.594369
-0.577419
-0.55885
-0.538716
-0.517076
-0.493989
-0.469517
-0.443727
-0.416685
-0.388461
-0.359126
-0.328753
-0.297415
-0.265188
-0.232147
-0.198369
-0.163932
-0.128911
-0.093384
-0.0574279
-0.0211186
0.0154683
0.0522581
0.0891774
0.126154
0.163116
0.199996
0.236725
0.273239
0.309472
0.345365
0.380859
0.415896
0.450424
0.484389
0.517745
0.550445
0.582446
0.613708
0.644193
0.673868
0.702701
0.730664
0.757731
0.78388
0.809091
0.833348
0.856637
0.878947
0.90027
0.920599
0.939933
0.958269
0.975611
0.991962
1.00733
1.02172
1.03514
1.04761
1.05914
1.06975
1.07945
1.08826
1.0962
1.1033
1.10956
1.11502
1.1197
1.12363
1.12682
1.1293
1.13109
1.13223
1.13273
1.13262
1.13192
1.13066
1.12886
1.12655
1.12374
1.12045
1.11672
1.11255
1.10797
1.10299
1.09764
1.09192
1.08585
1.07945
1.07272
1.06569
1.05835
1.05072
1.0428
1.03461
1.02615
1.01741
1.00841
0.999153
0.989631
0.979847
0.969802
0.959495
0.948923
0.938082
0.926971
0.915584
0.903918
0.891966
0.879725
0.867188
0.85435
0.841204
0.827745
0.813967
0.799864
0.78543
0.770661
0.75555
0.740094
0.724288
0.708129
0.691614
0.67474
0.657505
0.639909
0.621952
0.603634
0.584956
0.565922
0.546534
0.526796
0.506715
0.486296
0.465546
0.444474
0.423088
0.401399
0.379417
0.357155
0.334625
0.311841
0.288817
0.265568
0.242111
0.218462
0.194639
0.170658
0.14654
0.122302
0.0979637
0.073545
0.0490656
0.0245456
5.30718e-006
-0.024535
-0.049055
-0.0735344
-0.0979532
-0.122291
-0.146529
-0.170648
-0.194628
-0.218452
-0.242101
-0.265558
-0.288807
-0.311831
-0.334615
-0.357145
-0.379407
-0.401389
-0.423079
-0.444465
-0.465537
-0.486287
-0.506706
-0.526788
-0.546525
-0.565913
-0.584948
-0.603626
-0.621944
-0.639902
-0.657498
-0.674732
-0.691607
-0.708122
-0.724281
-0.740087
-0.755543
-0.770654
-0.785424
-0.799858
-0.813961
-0.827739
-0.841198
-0.854344
-0.867183
-0.87972
-0.891961
-0.903913
-0.915579
-0.926966
-0.938078
-0.948918
-0.95949
-0.969798
-0.979843
-0.989626
-0.999149
-1.00841
-1.01741
-1.02614
-1.03461
-1.0428
-1.05072
-1.05835
-1.06568
-1.07272
-1.07945
-1.08585
-1.09192
-1.09763
-1.10299
-1.10797
-1.11255
-1.11672
-1.12045
-1.12373
-1.12654
-1.12886
-1.13066
-1.13192
-1.13262
-1.13273
-1.13223
-1.13109
-1.1293
-1.12682
-1.12363
-1.11971
-1.11503
-1.10956
-1.1033
-1.09621
-1.08827
-1.07945
-1.06976
-1.05915
-1.04762
-1.03515
-1.02172
-1.00733
-0.991969
-0.975618
-0.958277
-0.939941
-0.920608
-0.900279
-0.878957
-0.856647
-0.833359
-0.809102
-0.783891
-0.757742
-0.730676
-0.702713
-0.673881
-0.644206
-0.613721
-0.58246
-0.550459
-0.51776
-0.484404
-0.450438
-0.415911
-0.380874
-0.345381
-0.309488
-0.273254
-0.236741
-0.200012
-0.163132
-0.12617
-0.0891934
-0.0522741
-0.0154842
0.0211028
0.0574123
0.0933686
0.128896
0.163917
0.198355
0.232132
0.265173
0.297401
0.328739
0.359113
0.388449
0.416673
0.443716
0.469507
0.493979
0.517066
0.538707
0.558841
0.577411
0.594362
0.609645
0.62321
0.635016
0.64502
0.653189
0.65949
0.663896
0.666383
0.666934
0.665534
0.662175
0.656853
0.649569
0.640328
0.629143
0.616028
0.601005
0.584102
0.565348
0.544781
0.522443
0.498379
0.472642
0.445288
0.416378
0.385977
0.354156
0.320988
0.286553
0.250932
0.214213
0.176484
0.137838
0.098373
0.0581867
0.0173811
-0.0239397
-0.0656696
-0.107701
-0.149923
-0.192227
-0.234499
-0.276629
-0.318503
-0.360009
-0.401034
-0.441466
-0.481196
-0.520113
-0.558109
-0.595078
-0.630916
-0.665522
-0.698797
-0.730645
-0.760974
-0.789695
-0.816724
-0.841979
-0.865385
-0.88687
-0.906367
-0.923814
-0.939155
-0.952338
-0.963318
-0.972056
-0.978517
-0.982673
-0.984504
-0.983992
-0.981129
-0.975912
-0.968344
-0.958434
-0.946199
-0.93166
-0.914847
-0.895792
-0.874539
-0.851132
-0.825626
-0.798078
-0.768552
-0.737118
-0.70385
-0.668829
-0.632139
-0.59387
-0.554114
-0.512971
-0.470541
-0.42693
-0.382246
-0.336601
-0.290109
-0.242887
-0.195052
-0.146727
-0.0980308
-0.0490879
-2.12287e-005
0.0490455
