0.00981463
0
-0.00981463
-0.0196123
-0.0293758
-0.0390883
-0.0487325
-0.0582911
-0.0677469
-0.0770822
-0.0862795
-0.0953208
-0.104188
-0.112864
-0.121328
-0.129564
-0.137551
-0.145271
-0.152705
-0.159833
-0.166635
-0.173092
-0.179183
-0.184888
-0.190188
-0.195061
-0.199488
-0.203448
-0.20692
-0.209885
-0.212322
-0.214212
-0.215534
-0.21627
-0.216401
-0.215907
-0.214772
-0.212977
-0.210506
-0.207343
-0.203473
-0.198881
-0.193555
-0.187482
-0.180651
-0.173052
-0.164677
-0.155518
-0.14557
-0.134829
-0.123292
-0.110958
-0.0978276
-0.083904
-0.0691916
-0.0536967
-0.0374276
-0.020395
-0.00261105
0.0159095
0.0351501
0.055092
0.0757141
0.0969934
0.118905
0.14142
0.164511
0.188144
0.212287
0.236904
0.261956
0.287404
0.313205
0.339318
0.365695
0.39229
0.419055
0.445939
0.472891
0.499858
0.526786
0.55362
0.580305
0.606783
0.632999
0.658893
0.684408
0.709486
0.734069
0.758098
0.781517
0.804269
0.826296
0.847544
0.867958
0.887484
0.906072
0.92367
0.94023
0.955706
0.970053
0.983228
0.995191
1.00591
1.01534
1.02345
1.03022
1.03562
1.03963
1.04222
1.04339
1.04311
1.04139
1.03821
1.03357
1.02748
1.01994
1.01096
1.00056
0.988756
0.975564
0.961014
0.945134
0.927958
0.909523
0.889869
0.86904
0.847085
0.824055
0.800003
0.774987
0.749069
0.722311
0.69478
0.666544
0.637675
0.608246
0.578332
0.548011
0.517361
0.486462
0.455396
0.424244
0.393089
0.362015
0.331104
0.30044
0.270106
0.240185
0.210758
0.181905
0.153705
0.126237
0.0995765
0.0737968
0.0489697
0.0251641
0.00244649
-0.0191199
-0.0394747
-0.0585613
-0.0763263
-0.09272
-0.107697
-0.121216
-0.133238
-0.143732
-0.152669
-0.160024
-0.165779
-0.169918
-0.172433
-0.173319
-0.172575
-0.170208
-0.166226
-0.160645
-0.153486
-0.144773
-0.134535
-0.122808
-0.109632
-0.0950484
-0.0791074
-0.0618613
-0.0433672
-0.0236861
-0.00288298
0.0189735
0.041811
0.0655542
0.0901244
0.11544
0.141417
0.167969
0.195007
0.222441
0.250179
0.278127
0.30619
0.334275
0.362285
0.390124
0.417696
0.444907
0.471662
0.497868
0.523432
0.548263
0.572274
0.595377
0.617489
0.638527
0.658414
0.677075
0.694436
0.710432
0.724996
0.738069
0.749596
0.759524
0.767807
0.774404
0.779277
0.782394
0.78373
0.783261
0.780973
0.776855
0.770901
0.763112
0.753494
0.742058
0.728821
0.713804
0.697036
0.678549
0.658382
0.636577
0.613182
0.588251
0.561841
0.534014
0.504836
0.474377
0.442713
0.409921
0.376083
0.341283
0.305609
0.269151
0.232001
0.194256
0.15601
0.117363
0.0784132
0.0392615
8.49149e-006
-0.0392445
-0.0783964
-0.117346
-0.155994
-0.194239
-0.231985
-0.269135
-0.305593
-0.341268
-0.376068
-0.409907
-0.442699
-0.474364
-0.504823
-0.534001
-0.561829
-0.58824
-0.613172
-0.636567
-0.658373
-0.678541
-0.697029
-0.713797
-0.728815
-0.742053
-0.75349
-0.763109
-0.770898
-0.776853
-0.780972
-0.783261
-0.78373
-0.782395
-0.779279
-0.774406
-0.76781
-0.759528
-0.7496
-0.738074
-0.725002
-0.710438
-0.694444
-0.677082
-0.658423
-0.638536
-0.617498
-0.595387
-0.572284
-0.548274
-0.523443
-0.497879
-0.471674
-0.444919
-0.417708
-0.390135
-0.362297
-0.334287
-0.306203
-0.278139
-0.250191
-0.222453
-0.195019
-0.167981
-0.141428
-0.115451
-0.0901352
-0.0655647
-0.0418211
-0.0189831
0.00287376
0.0236773
0.0433589
0.0618536
0.0791002
0.0950418
0.109626
0.122803
0.13453
0.144768
0.153482
0.160643
0.166224
0.170206
0.172575
0.173319
0.172434
0.16992
0.165781
0.160027
0.152672
0.143736
0.133243
0.121221
0.107703
0.0927268
0.0763337
0.0585693
0.0394833
0.0191289
-0.00243691
-0.0251541
-0.0489591
-0.0737859
-0.0995652
-0.126226
-0.153693
-0.181892
-0.210745
-0.240172
-0.270093
-0.300427
-0.331091
-0.362001
-0.393076
-0.424231
-0.455383
-0.486449
-0.517348
-0.547998
-0.578319
-0.608233
-0.637662
-0.666532
-0.694768
-0.722299
-0.749057
-0.774976
-0.799992
-0.824044
-0.847076
-0.869031
-0.88986
-0.909515
-0.927951
-0.945127
-0.961007
-0.975558
-0.98875
-1.00056
-1.01096
-1.01994
-1.02748
-1.03357
-1.03821
-1.04139
-1.04311
-1.04339
-1.04222
-1.03963
-1.03562
-1.03023
-1.02346
-1.01534
-1.00591
-0.995196
-0.983233
-0.970059
-0.955713
-0.940237
-0.923677
-0.90608
-0.887492
-0.867966
-0.847553
-0.826305
-0.804278
-0.781527
-0.758108
-0.734079
-0.709496
-0.684419
-0.658904
-0.63301
-0.606795
-0.580316
-0.553632
-0.526798
-0.49987
-0.472903
-0.445951
-0.419067
-0.392302
-0.365706
-0.339329
-0.313217
-0.287415
-0.261967
-0.236914
-0.212298
-0.188155
-0.164521
-0.14143
-0.118914
-0.0970027
-0.0757232
-0.0551008
-0.0351586
-0.0159177
0.0026032
0.0203874
0.0374204
0.0536898
0.069185
0.0838978
0.0978218
0.110952
0.123287
0.134824
0.145566
0.155514
0.164673
0.173049
0.180648
0.187479
0.193553
0.198879
0.203471
0.207341
0.210505
0.212976
0.214771
0.215907
0.216401
0.216271
0.215535
0.214213
0.212323
0.209886
0.206922
0.20345
0.19949
0.195063
0.19019
0.184891
0.179185
0.173094
0.166638
0.159836
0.152708
0.145275
0.137554
0.129567
0.121332
0.112867
0.104192
0.0953247
0.0862834
0.0770862
0.0677509
0.0582952
0.0487366
0.0390925
0.0293801
0.0196165
0.00981888
4.24574e-006
-0.00981039
